62977
3671
20894
54532
35428
6074
64353
6890
34879
13011
2329
56560
3725
39024
34830
64514
3312
23882
19217
52156
32827
16638
10574
45480
24488
8825
62694
5755
60765
17428
55703
63853
16105
22107
21942
48466
5734
34837
17432
30320
6226
16443
58168
63030
11795
21457
36973
36956
28405
27149
9309
33404
16948
17723
52081
36315
61918
649
39227
41214
35100
20152
25427
63062
24062
34233
3859
17629
59533
47044
2156
8473
46073
25567
7795
30479
3118
9739
18276
47706
8076
43771
35012
36690
19203
33873
23724
61606
11145
19277
51666
16187
27740
13477
5219
61351
33439
27542
30986
16475
5685
23491
1298
18279
35436
26114
1415
54479
20489
15282
5884
57702
39827
29414
61235
12204
3717
33773
5328
12078
30410
47835
56957
18704
11685
13737
62971
20550
56356
34252
58239
38880
38946
15122
44542
1951
55043
33018
46222
43363
40002
6277
36721
31469
26237
41513
64395
38228
38760
12067
48284
57462
42786
602
41071
56085
13055
57417
45782
29268
34909
9941
34548
19230
26260
33218
47370
14388
25844
37737
25672
15821
21571
31428
56599
31495
35667
11548
10542
32564
56775
4616
14063
53
57257
59567
64519
1433
33230
28054
23453
31817
18185
31937
58768
48809
43622
1293
17825
1825
30732
21352
8804
32169
5791
20353
31559
48665
8874
50052
33420
23322
29378
50748
59117
10948
7757
44596
24473
42148
33707
28152
43091
30493
29265
63785
31018
53815
33572
63585
8553
62031
39526
701
30414
54189
27754
14323
42054
60276
23964
6408
58790
28790
283
4226
29481
29173
60425
12648
18233
24829
16443
18183
14011
7525
48194
39454
11859
16355
57898
37751
43503
39158
53034
9225
30196
28464
11669
8133
65073
20729
38343
20128
21919
37917
8907
12109
26065
19199
45596
21662
30084
23080
35855
600
17863
58230
12613
37915
11360
50287
64185
10596
52045
58879
43586
45313
49172
29348
6723
25707
1258
14268
57921
64777
55617
58640
2977
55896
10712
5462
13388
9396
22890
63850
44153
60754
28159
47242
65437
56570
27252
36999
50964
12458
39896
4967
52503
20889
60805
35616
10539
3445
45305
12707
45462
24630
26250
4660
35035
29489
58654
47766
45077
16579
8441
28104
61542
35328
55019
220
33758
6117
37258
33535
8856
48202
5319
1696
18508
5178
59390
28892
2795
38363
56193
57353
59586
9153
23349
43296
54717
59088
44956
59232
8427
720
63784
20751
48699
20704
27007
18641
6761
25157
43904
44059
63704
58839
26591
34290
25203
9969
45284
53430
25189
50774
57122
45924
1831
20577
579
60884
50479
49192
42894
23869
10610
59774
64156
62928
38576
50104
32643
12566
13794
33207
7965
39372
2486
43143
29211
50911
17359
4517
5268
7861
12824
8367
62949
9184
53132
55895
42631
48002
49235
60344
25241
56704
8628
49858
17273
56934
36002
20839
36861
5057
15024
62206
31009
60661
49788
44360
52056
54661
1796
61765
51880
53638
65148
23568
54313
58118
62997
20706
45614
61006
6691
44061
15356
11561
51811
6036
48677
56564
45561
35511
22686
57974
40818
23029
33354
47019
44025
34763
62208
21756
44763
13308
33608
34565
9562
29270
137
34398
21307
11956
23372
54799
14344
16294
65460
45508
9483
22687
5401
23660
63862
10287
1062
48519
53884
53885
8802
9336
60824
58527
6574
6335
33011
22117
24941
37306
59942
48742
26824
11021
7114
19295
23904
12820
3957
46819
29353
10063
61775
19447
21413
21133
3477
24805
52694
50200
25677
41590
36932
59039
25979
10300
2015
5896
17796
8632
25137
28507
46938
43901
46012
37500
40407
60874
16359
13793
30850
31801
14294
61211
20262
15303
46014
23270
40038
4688
41427
40253
63248
52396
20203
62295
54678
65304
41370
13364
60433
60160
12567
43090
5327
30080
53302
14326
701
65441
43484
5878
54661
3188
37495
30635
1553
26118
6340
31451
39012
14619
14995
14881
29455
1224
30587
1048
42437
24249
34584
26407
5414
21324
59729
38969
54042
31314
16618
57164
38421
57802
16971
41870
36778
24664
34092
15770
61781
11559
46929
3744
61007
15091
15174
20774
49
33864
53319
25042
47854
30661
21102
46761
273
2271
17425
40803
60383
39971
42337
7288
4529
25044
40404
25185
59538
34611
52780
58744
4408
35275
27136
24387
12299
33120
51011
4611
17521
16491
12512
31030
58130
6423
62011
36815
25502
2406
46029
15705
38709
13508
65496
21564
28311
20588
47418
47977
41192
62064
16486
61107
49465
15734
13110
25001
46195
58768
5743
37615
26461
293
45852
47094
22125
976
41292
62806
40143
58663
60557
37980
5621
6647
14389
46534
47864
14540
33002
43425
62463
61994
63922
32627
37706
17981
27631
7826
44090
27950
34469
30393
23178
55570
12578
13063
52621
45159
64332
2057
54931
33588
22835
54762
45343
12994
23527
44371
29998
47405
58758
30152
26728
58043
62966
51583
20490
4986
8070
17306
43968
55344
43558
19440
59154
32361
36979
38369
44142
1214
44649
26660
34696
59035
64965
6206
28204
7618
6873
20429
60337
64573
64880
64033
62862
35663
32597
34845
39937
64382
5248
23867
10733
32685
54015
9478
14
1257
23025
56005
49812
31537
18946
61360
55982
29852
18105
5330
63592
26746
340
16242
8726
54157
45904
61241
65107
11639
64340
5878
49622
29251
595
14800
29708
1452
39794
59756
55819
30928
7921
19453
8225
15018
43598
17902
31779
15320
17722
20451
16212
55211
61167
35187
47878
62211
33189
49576
41124
50619
38150
41464
8590
33055
29750
62870
38565
22007
60260
57274
18317
56011
11067
19996
32757
40883
33033
52145
19166
48260
55418
10478
18934
16541
19062
64662
26426
52559
47943
28878
55832
64811
17464
60981
50368
65393
55525
12206
47958
30701
64195
61646
55935
64744
1052
29507
50884
46727
31513
24771
28521
45466
17397
21562
48954
29561
29396
30937
22898
37211
57593
63133
390
19443
45463
15304
38869
3162
16239
59425
31662
45396
53491
9199
19125
49290
13420
22370
5936
9765
33597
33354
22424
23308
45756
15697
41802
46744
60671
47123
16242
51388
33771
47188
5539
52457
30687
49336
51263
18795
16636
34527
43271
31276
49461
54254
41315
13655
58777
50554
64231
3170
41399
16931
5960
51446
10180
53896
51684
21204
52961
3993
16378
5928
13642
32838
24731
16931
16895
15573
51121
22103
38812
35779
2398
49535
25620
7497
43412
6445
50610
42463
8375
19193
63729
38733
